,Date,Price per unit,Price
0,2018-12-22,3.98,3.98
1,2020-1-25,2.98,2.98
2,2020-12-20,3.98,3.98
3,2021-4-10,3.98,3.98
